White Wulf,3,RpMTtqHba38dQJzm
